
=== PAGE 1 ===
boxes 21
 box (181.4, 39.7, 555.6, 216.6, 35.2) baseline~ 208.6
 box (181.4, 39.7, 555.6, 216.6, 35.2) baseline~ 208.6
 box (280.8, 40.4, 211.9, 320.0, 39.2) baseline~ 312.0
 box (280.8, 40.4, 554.8, 321.5, 40.7) baseline~ 313.5
 box (280.8, 211.9, 383.4, 320.0, 39.2) baseline~ 312.0
 box (321.5, 40.4, 297.6, 360.7, 39.2) baseline~ 352.7
 box (321.5, 40.4, 554.8, 362.2, 40.7) baseline~ 354.2
 box (362.2, 40.4, 554.8, 402.9, 40.7) baseline~ 394.9
 box (459.9, 40.4, 211.9, 499.1, 39.2) baseline~ 491.1
 box (459.9, 40.4, 554.8, 500.6, 40.7) baseline~ 492.6
 box (459.9, 211.9, 383.4, 499.1, 39.2) baseline~ 491.1
 box (500.6, 40.4, 211.9, 539.8, 39.2) baseline~ 531.8
 box (500.6, 40.4, 554.8, 541.3, 40.7) baseline~ 533.3
 box (500.6, 211.9, 383.4, 539.8, 39.2) baseline~ 531.8
 box (560.0, 50.4, 525.1, 588.4, 28.3) baseline~ 580.4
 box (614.9, 50.4, 525.1, 643.3, 28.3) baseline~ 635.3
 box (696.7, 40.4, 297.6, 735.9, 39.2) baseline~ 727.9
 box (696.7, 40.4, 554.8, 737.4, 40.7) baseline~ 729.4
 box (737.4, 40.4, 211.9, 776.6, 39.2) baseline~ 768.6
 box (737.4, 40.4, 554.8, 778.1, 40.7) baseline~ 770.1
 box (737.4, 211.9, 383.4, 776.6, 39.2) baseline~ 768.6

=== PAGE 2 ===
hline (232.8, 39.7, 184.7)
hline (232.8, 183.9, 241.3)
hline (232.8, 240.6, 318.6)
hline (232.8, 317.9, 401.0)
hline (232.8, 400.3, 478.3)
hline (232.8, 477.6, 555.6)
hline (314.7, 39.7, 184.7)
hline (314.7, 183.9, 241.3)
hline (314.7, 240.6, 318.6)
hline (314.7, 317.9, 401.0)
hline (314.7, 400.3, 478.3)
hline (314.7, 477.6, 555.6)
hline (354.1, 39.7, 184.7)
hline (354.1, 183.9, 241.3)
hline (354.1, 240.6, 318.6)
hline (354.1, 317.9, 401.0)
hline (354.1, 400.3, 478.3)
hline (354.1, 477.6, 555.6)
hline (393.4, 39.7, 184.7)
hline (393.4, 183.9, 241.3)
hline (393.4, 240.6, 318.6)
hline (393.4, 317.9, 401.0)
hline (393.4, 400.3, 478.3)
hline (393.4, 477.6, 555.6)
hline (432.8, 39.7, 184.7)
hline (432.8, 183.9, 241.3)
hline (432.8, 240.6, 318.6)
hline (432.8, 317.9, 401.0)
hline (432.8, 400.3, 478.3)
hline (432.8, 477.6, 555.6)
hline (472.1, 39.7, 184.7)
hline (472.1, 183.9, 241.3)
hline (472.1, 240.6, 318.6)
hline (472.1, 317.9, 401.0)
hline (472.1, 400.3, 478.3)
hline (472.1, 477.6, 555.6)
boxes 21
 box (34.0, 39.7, 555.6, 75.5, 41.5) baseline~ 67.5
 box (53.5, 50.4, 525.1, 81.8, 28.3) baseline~ 73.8
 box (87.6, 40.4, 211.9, 126.8, 39.2) baseline~ 118.8
 box (87.6, 40.4, 554.8, 128.3, 40.7) baseline~ 120.3
 box (87.6, 211.9, 383.4, 126.8, 39.2) baseline~ 118.8
 box (128.3, 40.4, 211.9, 168.2, 40.0) baseline~ 160.2
 box (128.3, 211.9, 383.4, 168.2, 40.0) baseline~ 160.2
 box (232.8, 40.1, 184.3, 275.7, 42.9) baseline~ 267.7
 box (232.8, 184.3, 241.0, 275.7, 42.9) baseline~ 267.7
 box (232.8, 241.0, 318.2, 275.7, 42.9) baseline~ 267.7
 box (232.8, 318.2, 400.7, 275.7, 42.9) baseline~ 267.7
 box (232.8, 400.7, 477.9, 275.7, 42.9) baseline~ 267.7
 box (232.8, 477.9, 555.2, 275.7, 42.9) baseline~ 267.7
 box (551.8, 39.7, 294.1, 597.3, 45.5) baseline~ 589.3
 box (551.8, 301.2, 555.6, 597.3, 45.5) baseline~ 589.3
 box (621.6, 39.7, 555.6, 653.7, 32.1) baseline~ 645.7
 box (621.6, 39.7, 555.6, 653.7, 32.1) baseline~ 645.7
 box (659.4, 39.7, 555.6, 691.5, 32.1) baseline~ 683.5
 box (659.4, 39.7, 555.6, 691.5, 32.1) baseline~ 683.5
 box (697.1, 39.7, 555.6, 729.2, 32.1) baseline~ 721.2
 box (697.1, 39.7, 555.6, 729.2, 32.1) baseline~ 721.2

=== PAGE 3 ===
hline (133.9, 39.7, 272.3)
hline (133.9, 271.5, 555.6)
hline (196.9, 39.7, 272.3)
hline (196.9, 271.5, 555.6)
hline (236.3, 39.7, 272.3)
hline (236.3, 271.5, 555.6)
hline (275.6, 39.7, 272.3)
hline (275.6, 271.5, 555.6)
hline (315.0, 39.7, 272.3)
hline (315.0, 271.5, 555.6)
boxes 18
 box (34.0, 39.7, 555.6, 70.1, 36.1) baseline~ 62.1
 box (34.8, 40.4, 211.9, 69.3, 34.6) baseline~ 61.3
 box (34.8, 211.9, 383.4, 69.3, 34.6) baseline~ 61.3
 box (133.9, 40.1, 271.9, 157.9, 24.0) baseline~ 149.9
 box (133.9, 271.9, 555.2, 157.9, 24.0) baseline~ 149.9
 box (360.2, 39.7, 555.6, 395.4, 35.2) baseline~ 387.4
 box (360.2, 39.7, 555.6, 395.4, 35.2) baseline~ 387.4
 box (404.6, 40.4, 554.8, 443.4, 38.7) baseline~ 435.4
 box (443.4, 40.4, 554.8, 466.2, 22.8) baseline~ 458.2
 box (474.8, 40.4, 554.8, 501.6, 26.8) baseline~ 493.6
 box (501.6, 40.4, 554.8, 524.4, 22.8) baseline~ 516.4
 box (553.1, 50.4, 544.9, 598.4, 45.4) baseline~ 590.4
 box (651.1, 39.7, 555.6, 675.8, 24.7) baseline~ 667.8
 box (651.1, 39.7, 555.6, 675.8, 24.7) baseline~ 667.8
 box (685.1, 40.4, 554.8, 711.9, 26.8) baseline~ 703.9
 box (711.9, 40.4, 554.8, 734.7, 22.8) baseline~ 726.7
 box (743.3, 40.4, 554.8, 770.1, 26.8) baseline~ 762.1
 box (770.1, 40.4, 554.8, 792.9, 22.8) baseline~ 784.9

=== PAGE1 PHOTO CANDIDATES ===
rect 476.2 39.7 555.6 136.1 79.4 96.4
rect 476.2 39.7 555.6 136.1 79.4 96.4
rect 476.2 39.7 555.6 136.1 79.4 96.4
rect 476.2 39.7 555.6 136.1 79.4 96.4
